2
al
au
27
aa
ab
ac
ad
ae
af
ag
ah
ai
aj
ak
al
am
an
ao
ap
aq
ar
as
at
au
av
aw
ax
ay
az
ba
0 7 0 7 1 0 1 0 0 3 0 10 1 0 9 0 3 3 5 0 3 0 4 0 1 0 0
7 0 7 0 0 0 0 9 0 0 7 0 4 0 10 4 2 9 0 0 0 0 10 0 2 4 8
0 7 0 0 0 0 0 0 10 3 1 7 8 5 0 0 10 0 0 4 1 0 2 10 0 8 0
7 0 0 0 0 0 2 5 0 7 0 4 0 0 0 4 6 10 0 0 0 1 5 0 6 6 7
1 0 0 0 0 0 0 6 6 0 7 4 1 0 0 5 3 8 8 0 0 2 0 0 7 0 0
0 0 0 0 0 0 2 0 7 0 9 1 6 3 8 8 8 10 0 4 0 0 0 8 3 0 0
1 0 0 2 0 2 0 10 1 5 0 5 10 0 0 9 0 1 0 0 1 10 8 7 10 0 8
0 9 0 5 6 0 10 0 9 7 0 6 6 9 0 4 5 0 0 9 0 8 9 4 0 0 10
0 0 10 0 6 7 1 9 0 7 9 7 1 10 0 10 0 8 3 2 10 0 0 0 0 6 0
3 0 3 7 0 0 5 7 7 0 0 2 0 3 0 0 4 3 5 0 4 1 1 0 7 10 0
0 7 1 0 7 9 0 0 9 0 0 0 0 0 5 6 9 4 0 0 0 10 2 0 4 1 4
10 0 7 4 4 1 5 6 7 2 0 0 1 10 9 7 4 6 1 7 0 0 0 0 0 4 0
1 4 8 0 1 6 10 6 1 0 0 1 0 0 0 0 0 6 6 6 7 1 8 6 5 0 9
0 0 5 0 0 3 0 9 10 3 0 10 0 0 3 3 10 1 3 4 10 10 0 4 8 9 3
9 10 0 0 0 8 0 0 0 0 5 9 0 3 0 10 9 10 0 10 0 6 0 0 8 5 0
0 4 0 4 5 8 9 4 10 0 6 7 0 3 10 0 8 0 0 1 9 6 7 9 6 0 1
3 2 10 6 3 8 0 5 0 4 9 4 0 10 9 8 0 0 7 0 0 0 5 4 8 0 7
3 9 0 10 8 10 1 0 8 3 4 6 6 1 10 0 0 0 6 9 3 3 1 10 8 0 7
5 0 0 0 8 0 0 0 3 5 0 1 6 3 0 0 7 6 0 1 10 3 9 1 4 4 0
0 0 4 0 0 4 0 9 2 0 0 7 6 4 10 1 0 9 1 0 0 4 1 4 3 0 7
3 0 1 0 0 0 1 0 10 4 0 0 7 10 0 9 0 3 10 0 0 10 9 3 9 1 1
0 0 0 1 2 0 10 8 0 1 10 0 1 10 6 6 0 3 3 4 10 0 2 7 1 4 2
4 10 2 5 0 0 8 9 0 1 2 0 8 0 0 7 5 1 9 1 9 2 0 4 1 0 6
0 0 10 0 0 8 7 4 0 0 0 0 6 4 0 9 4 10 1 4 3 7 4 0 2 6 6
1 2 0 6 7 3 10 0 0 7 4 0 5 8 8 6 8 8 4 3 9 1 1 2 0 7 0
0 4 8 6 0 0 0 0 6 10 1 4 0 9 5 0 0 0 4 0 1 4 0 6 7 0 4
0 8 0 7 0 0 8 10 0 0 4 0 9 3 0 1 7 7 0 7 1 2 6 6 0 4 0
