3
ae
aa
26
aa
ab
ac
ad
ae
af
ag
ah
ai
aj
ak
al
am
an
ao
ap
aq
ar
as
at
au
av
aw
ax
ay
az
0 4 8 0 0 4 0 4 7 0 0 0 4 0 0 0 8 4 9 0 3 0 5 3 7 2
4 0 0 0 0 0 10 2 5 5 8 1 4 0 0 0 5 0 6 9 0 0 0 9 9 0
8 0 0 5 0 0 0 6 0 4 0 0 0 0 0 9 0 6 9 0 7 10 0 0 8 4
0 0 5 0 0 8 0 0 9 9 1 0 0 10 0 10 10 0 6 0 0 0 0 0 0 0
0 0 0 0 0 5 0 0 7 6 8 0 5 2 0 8 2 10 0 7 7 0 0 0 10 3
4 0 0 8 5 0 4 0 10 0 8 0 10 8 3 3 0 9 2 0 7 8 0 10 0 0
0 10 0 0 0 4 0 9 5 7 10 0 10 4 8 1 10 2 6 0 0 0 5 7 10 6
4 2 6 0 0 0 9 0 3 10 5 5 8 0 0 9 3 3 0 3 8 6 7 8 0 8
7 5 0 9 7 10 5 3 0 3 0 6 5 5 10 0 0 0 4 2 0 6 10 7 6 0
0 5 4 9 6 0 7 10 3 0 0 8 7 0 5 4 0 0 0 7 0 5 7 0 0 8
0 8 0 1 8 8 10 5 0 0 0 3 0 5 0 5 0 7 0 9 0 1 7 9 3 6
0 1 0 0 0 0 0 5 6 8 3 0 0 8 4 9 10 0 3 0 0 0 7 8 0 0
4 4 0 0 5 10 10 8 5 7 0 0 0 9 1 3 4 8 0 0 5 2 0 0 1 2
0 0 0 10 2 8 4 0 5 0 5 8 9 0 7 4 10 2 1 10 1 3 4 1 0 1
0 0 0 0 0 3 8 0 10 5 0 4 1 7 0 3 0 0 5 6 0 0 0 3 8 3
0 0 9 10 8 3 1 9 0 4 5 9 3 4 3 0 3 3 5 0 0 7 4 8 10 3
8 5 0 10 2 0 10 3 0 0 0 10 4 10 0 3 0 1 0 0 10 3 3 2 0 7
4 0 6 0 10 9 2 3 0 0 7 0 8 2 0 3 1 0 0 9 1 8 5 10 7 7
9 6 9 6 0 2 6 0 4 0 0 3 0 1 5 5 0 0 0 5 7 0 7 8 2 9
0 9 0 0 7 0 0 3 2 7 9 0 0 10 6 0 0 9 5 0 6 0 0 0 1 2
3 0 7 0 7 7 0 8 0 0 0 0 5 1 0 0 10 1 7 6 0 8 3 4 8 1
0 0 10 0 0 8 0 6 6 5 1 0 2 3 0 7 3 8 0 0 8 0 7 6 9 8
5 0 0 0 0 0 5 7 10 7 7 7 0 4 0 4 3 5 7 0 3 7 0 8 7 2
3 9 0 0 0 10 7 8 7 0 9 8 0 1 3 8 2 10 8 0 4 6 8 0 0 5
7 9 8 0 10 0 10 0 6 0 3 0 1 0 8 10 0 7 2 1 8 9 7 0 0 8
2 0 4 0 3 0 6 8 0 8 6 0 2 1 3 3 7 7 9 2 1 8 2 5 8 0
