2
ao
ae
15
aa
ab
ac
ad
ae
af
ag
ah
ai
aj
ak
al
am
an
ao
0 6 0 8 2 3 4 8 0 0 0 0 0 4 0
6 0 0 0 0 0 0 0 4 0 10 2 6 3 0
0 0 0 0 7 0 7 0 4 2 5 0 10 0 0
8 0 0 0 10 2 10 10 6 0 2 5 8 7 0
2 0 7 10 0 0 0 0 0 0 1 0 10 7 1
3 0 0 2 0 0 2 6 0 2 0 0 0 6 0
4 0 7 10 0 2 0 2 1 6 3 3 5 3 3
8 0 0 10 0 6 2 0 10 7 7 0 6 5 3
0 4 4 6 0 0 1 10 0 8 6 0 2 9 1
0 0 2 0 0 2 6 7 8 0 0 3 7 9 8
0 10 5 2 1 0 3 7 6 0 0 0 0 0 4
0 2 0 5 0 0 3 0 0 3 0 0 2 0 3
0 6 10 8 10 0 5 6 2 7 0 2 0 2 2
4 3 0 7 7 6 3 5 9 9 0 0 2 0 10
0 0 0 0 1 0 3 3 1 8 4 3 2 10 0
