1
ah
ae
19
aa
ab
ac
ad
ae
af
ag
ah
ai
aj
ak
al
am
an
ao
ap
aq
ar
as
0 0 0 4 0 0 8 1 0 4 0 0 3 0 0 0 4 7 8
0 0 10 0 9 0 2 0 3 0 0 0 6 0 0 0 1 0 0
0 10 0 3 8 9 7 0 6 7 10 0 0 0 0 1 5 0 1
4 0 3 0 5 0 10 3 8 0 0 5 5 10 0 0 3 9 3
0 9 8 5 0 0 0 9 0 0 8 2 4 8 0 3 9 1 10
0 0 9 0 0 0 1 1 0 8 0 0 4 8 0 0 0 0 8
8 2 7 10 0 1 0 0 0 9 9 0 0 0 1 4 0 3 6
1 0 0 3 9 1 0 0 6 10 4 3 10 4 10 3 8 0 1
0 3 6 8 0 0 0 6 0 6 9 3 0 9 3 6 9 0 0
4 0 7 0 0 8 9 10 6 0 1 5 3 4 6 7 9 6 8
0 0 10 0 8 0 9 4 9 1 0 7 7 10 0 6 8 6 10
0 0 0 5 2 0 0 3 3 5 7 0 10 1 4 4 8 0 5
3 6 0 5 4 4 0 10 0 3 7 10 0 1 1 2 5 7 1
0 0 0 10 8 8 0 4 9 4 10 1 1 0 2 0 3 7 7
0 0 0 0 0 0 1 10 3 6 0 4 1 2 0 1 1 7 1
0 0 1 0 3 0 4 3 6 7 6 4 2 0 1 0 10 2 7
4 1 5 3 9 0 0 8 9 9 8 8 5 3 1 10 0 9 9
7 0 0 9 1 0 3 0 0 6 6 0 7 7 7 2 9 0 8
8 0 1 3 10 8 6 1 0 8 10 5 1 7 1 7 9 8 0
