1
ag
af
27
aa
ab
ac
ad
ae
af
ag
ah
ai
aj
ak
al
am
an
ao
ap
aq
ar
as
at
au
av
aw
ax
ay
az
ba
0 0 1 1 5 7 0 4 9 0 6 3 0 5 0 4 8 0 5 0 0 0 0 0 0 0 0
0 0 0 3 0 1 0 5 0 0 0 0 2 2 0 8 8 3 6 6 0 8 8 3 1 0 7
1 0 0 10 5 5 0 0 0 9 0 0 0 7 0 0 0 0 0 0 1 0 8 0 0 0 0
1 3 10 0 0 3 0 0 6 0 0 10 0 10 5 0 2 3 0 0 0 0 0 7 0 0 1
5 0 5 0 0 0 0 4 5 0 7 0 5 7 0 5 0 5 5 4 0 0 8 6 0 1 2
7 1 5 3 0 0 0 4 3 0 7 1 5 10 7 3 0 0 0 0 0 0 8 0 0 2 10
0 0 0 0 0 0 0 0 0 6 5 0 0 0 7 9 6 0 0 0 0 6 6 10 2 3 4
4 5 0 0 4 4 0 0 3 6 0 4 4 5 3 2 0 1 10 0 4 10 0 5 9 3 0
9 0 0 6 5 3 0 3 0 5 8 8 7 0 9 4 0 0 8 6 2 10 8 0 9 9 2
0 0 9 0 0 0 6 6 5 0 0 10 0 6 9 0 0 9 10 9 8 9 4 0 3 0 0
6 0 0 0 7 7 5 0 8 0 0 3 10 7 1 6 2 0 7 3 7 7 0 0 0 4 0
3 0 0 10 0 1 0 4 8 10 3 0 3 0 3 2 8 4 3 10 7 7 0 8 0 0 5
0 2 0 0 5 5 0 4 7 0 10 3 0 5 6 1 10 4 3 0 6 7 3 10 2 1 3
5 2 7 10 7 10 0 5 0 6 7 0 5 0 2 7 0 5 9 10 10 5 8 0 7 10 1
0 0 0 5 0 7 7 3 9 9 1 3 6 2 0 8 5 7 7 7 7 0 7 0 5 6 0
4 8 0 0 5 3 9 2 4 0 6 2 1 7 8 0 3 2 7 0 2 4 2 7 6 10 8
8 8 0 2 0 0 6 0 0 0 2 8 10 0 5 3 0 10 8 6 7 4 1 0 0 4 0
0 3 0 3 5 0 0 1 0 9 0 4 4 5 7 2 10 0 4 0 9 0 6 0 6 0 8
5 6 0 0 5 0 0 10 8 10 7 3 3 9 7 7 8 4 0 4 5 10 3 3 0 2 3
0 6 0 0 4 0 0 0 6 9 3 10 0 10 7 0 6 0 4 0 7 5 0 5 9 9 4
0 0 1 0 0 0 0 4 2 8 7 7 6 10 7 2 7 9 5 7 0 8 9 10 0 3 1
0 8 0 0 0 0 6 10 10 9 7 7 7 5 0 4 4 0 10 5 8 0 2 8 6 9 4
0 8 8 0 8 8 6 0 8 4 0 0 3 8 7 2 1 6 3 0 9 2 0 0 3 0 1
0 3 0 7 6 0 10 5 0 0 0 8 10 0 0 7 0 0 3 5 10 8 0 0 6 8 4
0 1 0 0 0 0 2 9 9 3 0 0 2 7 5 6 0 6 0 9 0 6 3 6 0 10 3
0 0 0 0 1 2 3 3 9 0 4 0 1 10 6 10 4 0 2 9 3 9 0 8 10 0 1
0 7 0 1 2 10 4 0 2 0 0 5 3 1 0 8 0 8 3 4 1 4 1 4 3 1 0
