2
ao
ae
19
aa
ab
ac
ad
ae
af
ag
ah
ai
aj
ak
al
am
an
ao
ap
aq
ar
as
0 0 0 4 0 8 0 1 0 2 10 5 0 0 8 8 0 6 0
0 0 4 7 0 3 0 0 6 0 0 0 0 0 0 4 0 0 1
0 4 0 7 0 2 3 0 0 0 0 2 0 0 0 0 4 6 2
4 7 7 0 0 0 0 6 0 1 3 0 0 0 10 0 0 0 10
0 0 0 0 0 9 0 5 5 0 0 7 0 0 7 0 0 0 0
8 3 2 0 9 0 9 0 9 5 4 8 10 0 7 0 6 9 7
0 0 3 0 0 9 0 7 0 7 0 4 0 0 0 9 0 7 0
1 0 0 6 5 0 7 0 0 9 4 0 4 0 2 0 1 0 10
0 6 0 0 5 9 0 0 0 0 0 10 2 1 0 2 9 0 6
2 0 0 1 0 5 7 9 0 0 0 6 3 8 10 10 0 10 7
10 0 0 3 0 4 0 4 0 0 0 1 1 6 10 8 0 9 0
5 0 2 0 7 8 4 0 10 6 1 0 1 0 3 5 0 10 10
0 0 0 0 0 10 0 4 2 3 1 1 0 3 3 3 2 0 0
0 0 0 0 0 0 0 0 1 8 6 0 3 0 0 10 3 3 9
8 0 0 10 7 7 0 2 0 10 10 3 3 0 0 0 1 3 5
8 4 0 0 0 0 9 0 2 10 8 5 3 10 0 0 10 3 3
0 0 4 0 0 6 0 1 9 0 0 0 2 3 1 10 0 10 1
6 0 6 0 0 9 7 0 0 10 9 10 0 3 3 3 10 0 10
0 1 2 10 0 7 0 10 6 7 0 10 0 9 5 3 1 10 0
