1
aq
ao
17
aa
ab
ac
ad
ae
af
ag
ah
ai
aj
ak
al
am
an
ao
ap
aq
0 10 3 0 0 6 10 8 0 5 0 0 0 3 9 9 3
10 0 5 1 4 7 0 0 10 0 0 2 3 0 0 7 2
3 5 0 0 6 1 1 6 8 0 0 0 0 0 7 3 0
0 1 0 0 0 0 10 4 3 0 0 0 0 0 0 3 0
0 4 6 0 0 3 6 2 10 0 8 8 0 3 0 8 0
6 7 1 0 3 0 0 0 0 1 6 3 7 3 10 7 2
10 0 1 10 6 0 0 0 0 0 9 7 6 5 0 8 1
8 0 6 4 2 0 0 0 0 4 0 3 9 3 6 5 5
0 10 8 3 10 0 0 0 0 10 4 7 5 10 1 1 8
5 0 0 0 0 1 0 4 10 0 3 6 1 8 0 6 6
0 0 0 0 8 6 9 0 4 3 0 7 6 1 0 7 4
0 2 0 0 8 3 7 3 7 6 7 0 8 3 1 0 10
0 3 0 0 0 7 6 9 5 1 6 8 0 5 5 7 3
3 0 0 0 3 3 5 3 10 8 1 3 5 0 7 0 3
9 0 7 0 0 10 0 6 1 0 0 1 5 7 0 8 1
9 7 3 3 8 7 8 5 1 6 7 0 7 0 8 0 1
3 2 0 0 0 2 1 5 8 6 4 10 3 3 1 1 0
