1
ab
bc
34
aa
ab
ac
ad
ae
af
ag
ah
ai
aj
ak
al
am
an
ao
ap
aq
ar
as
at
au
av
aw
ax
ay
az
ba
bb
bc
bd
be
bf
bg
bh
0 2 0 0 7 7 10 3 0 10 10 7 0 0 10 0 6 0 0 9 0 4 2 5 8 0 2 0 0 0 4 9 0 10
2 0 2 0 7 10 0 6 0 4 2 2 2 4 0 0 0 0 3 9 2 0 0 5 0 9 9 1 10 3 0 9 1 0
0 2 0 9 5 4 0 1 1 0 3 4 7 1 3 8 0 0 2 0 6 0 1 8 0 0 8 0 1 8 6 0 3 8
0 0 9 0 4 6 6 6 0 6 7 5 5 0 0 1 0 1 9 1 4 9 0 4 0 5 5 5 0 4 0 0 5 10
7 7 5 4 0 0 8 0 8 0 0 0 0 5 0 0 7 5 8 0 0 0 3 0 9 0 0 0 6 0 8 7 5 5
7 10 4 6 0 0 10 3 1 4 0 0 0 5 0 9 0 0 4 0 0 0 0 5 4 0 0 1 0 7 0 0 0 8
10 0 0 6 8 10 0 8 4 10 0 0 0 4 0 9 0 5 4 0 6 0 0 10 0 0 8 0 3 0 0 10 0 10
3 6 1 6 0 3 8 0 7 0 2 7 5 0 0 9 6 2 0 0 3 2 0 0 9 0 0 0 0 7 9 0 3 7
0 0 1 0 8 1 4 7 0 2 3 6 0 0 0 0 9 0 7 9 0 10 10 0 0 0 1 9 8 4 2 4 2 0
10 4 0 6 0 4 10 0 2 0 5 0 0 0 8 0 0 0 10 9 0 0 0 1 0 3 3 0 3 0 10 5 7 2
10 2 3 7 0 0 0 2 3 5 0 7 7 0 8 6 2 0 0 1 0 7 10 0 0 3 10 1 0 0 2 8 2 0
7 2 4 5 0 0 0 7 6 0 7 0 0 9 8 1 0 8 5 0 0 6 3 0 1 0 8 0 3 0 9 0 0 8
0 2 7 5 0 0 0 5 0 0 7 0 0 7 7 8 7 7 10 1 0 0 1 0 2 1 7 0 1 0 0 0 0 7
0 4 1 0 5 5 4 0 0 0 0 9 7 0 0 5 2 7 6 0 3 3 4 6 3 0 0 10 8 5 8 1 0 9
10 0 3 0 0 0 0 0 0 8 8 8 7 0 0 9 0 0 3 1 2 3 3 5 2 0 5 6 4 0 7 8 10 0
0 0 8 1 0 9 9 9 0 0 6 1 8 5 9 0 1 3 6 4 0 8 10 6 9 0 9 10 10 4 6 0 5 10
6 0 0 0 7 0 0 6 9 0 2 0 7 2 0 1 0 3 0 0 2 0 9 3 0 8 1 7 0 1 1 1 0 10
0 0 0 1 5 0 5 2 0 0 0 8 7 7 0 3 3 0 0 8 0 2 0 0 0 7 3 0 9 8 6 8 1 7
0 3 2 9 8 4 4 0 7 10 0 5 10 6 3 6 0 0 0 0 5 3 0 3 8 0 6 1 0 10 3 0 1 5
9 9 0 1 0 0 0 0 9 9 1 0 1 0 1 4 0 8 0 0 0 0 6 0 10 7 3 10 9 4 1 1 0 9
0 2 6 4 0 0 6 3 0 0 0 0 0 3 2 0 2 0 5 0 0 0 0 9 5 8 6 1 6 5 0 2 2 1
4 0 0 9 0 0 0 2 10 0 7 6 0 3 3 8 0 2 3 0 0 0 9 1 0 0 0 7 0 2 1 4 1 8
2 0 1 0 3 0 0 0 10 0 10 3 1 4 3 10 9 0 0 6 0 9 0 8 6 2 4 3 5 8 0 10 0 7
5 5 8 4 0 5 10 0 0 1 0 0 0 6 5 6 3 0 3 0 9 1 8 0 7 5 7 9 0 8 8 1 2 0
8 0 0 0 9 4 0 9 0 0 0 1 2 3 2 9 0 0 8 10 5 0 6 7 0 4 0 4 4 0 8 8 4 10
0 9 0 5 0 0 0 0 0 3 3 0 1 0 0 0 8 7 0 7 8 0 2 5 4 0 6 4 9 0 9 9 7 7
2 9 8 5 0 0 8 0 1 3 10 8 7 0 5 9 1 3 6 3 6 0 4 7 0 6 0 4 6 8 6 9 8 10
0 1 0 5 0 1 0 0 9 0 1 0 0 10 6 10 7 0 1 10 1 7 3 9 4 4 4 0 9 0 0 10 0 5
0 10 1 0 6 0 3 0 8 3 0 3 1 8 4 10 0 9 0 9 6 0 5 0 4 9 6 9 0 7 5 3 1 0
0 3 8 4 0 7 0 7 4 0 0 0 0 5 0 4 1 8 10 4 5 2 8 8 0 0 8 0 7 0 7 2 10 7
4 0 6 0 8 0 0 9 2 10 2 9 0 8 7 6 1 6 3 1 0 1 0 8 8 9 6 0 5 7 0 10 0 9
9 9 0 0 7 0 10 0 4 5 8 0 0 1 8 0 1 8 0 1 2 4 10 1 8 9 9 10 3 2 10 0 4 8
0 1 3 5 5 0 0 3 2 7 2 0 0 0 10 5 0 1 1 0 2 1 0 2 4 7 8 0 1 10 0 4 0 8
10 0 8 10 5 8 10 7 0 2 0 8 7 9 0 10 10 7 5 9 1 8 7 0 10 7 10 5 0 7 9 8 8 0
