3
ac
al
17
aa
ab
ac
ad
ae
af
ag
ah
ai
aj
ak
al
am
an
ao
ap
aq
0 9 5 3 8 10 5 3 0 0 5 0 8 0 1 5 3
9 0 7 0 7 0 3 0 0 0 2 0 5 0 0 0 0
5 7 0 0 7 0 0 0 0 6 10 4 1 8 0 2 0
3 0 0 0 3 0 10 0 0 6 0 0 0 0 0 0 10
8 7 7 3 0 3 0 10 5 1 10 8 0 5 4 3 4
10 0 0 0 3 0 5 0 0 7 4 8 0 2 5 5 7
5 3 0 10 0 5 0 5 0 6 8 0 1 5 0 0 0
3 0 0 0 10 0 5 0 7 3 0 0 3 0 8 9 6
0 0 0 0 5 0 0 7 0 9 0 6 3 1 2 0 6
0 0 6 6 1 7 6 3 9 0 4 0 0 1 0 4 8
5 2 10 0 10 4 8 0 0 4 0 10 7 0 2 6 9
0 0 4 0 8 8 0 0 6 0 10 0 5 1 9 6 4
8 5 1 0 0 0 1 3 3 0 7 5 0 8 7 4 4
0 0 8 0 5 2 5 0 1 1 0 1 8 0 5 3 2
1 0 0 0 4 5 0 8 2 0 2 9 7 5 0 6 9
5 0 2 0 3 5 0 9 0 4 6 6 4 3 6 0 9
3 0 0 10 4 7 0 6 6 8 9 4 4 2 9 9 0
