1
aa
ao
15
aa
ab
ac
ad
ae
af
ag
ah
ai
aj
ak
al
am
an
ao
0 5 3 7 0 0 0 0 7 0 3 0 5 2 0
5 0 0 0 0 9 2 7 8 0 5 9 3 10 0
3 0 0 7 6 3 5 9 10 9 0 0 0 4 0
7 0 7 0 8 0 8 8 8 0 0 10 10 3 2
0 0 6 8 0 8 4 9 10 1 0 9 7 1 3
0 9 3 0 8 0 6 0 10 5 1 2 0 3 6
0 2 5 8 4 6 0 6 2 10 0 3 10 8 3
0 7 9 8 9 0 6 0 2 2 9 3 0 0 9
7 8 10 8 10 10 2 2 0 8 0 4 9 6 9
0 0 9 0 1 5 10 2 8 0 9 0 2 8 0
3 5 0 0 0 1 0 9 0 9 0 5 0 8 0
0 9 0 10 9 2 3 3 4 0 5 0 0 0 0
5 3 0 10 7 0 10 0 9 2 0 0 0 6 10
2 10 4 3 1 3 8 0 6 8 8 0 6 0 0
0 0 0 2 3 6 3 9 9 0 0 0 10 0 0
