2
aq
aa
18
aa
ab
ac
ad
ae
af
ag
ah
ai
aj
ak
al
am
an
ao
ap
aq
ar
0 8 3 0 10 5 0 0 0 0 8 0 0 0 2 0 10 7
8 0 8 10 7 0 6 5 6 0 0 3 1 0 0 7 0 0
3 8 0 4 8 2 8 0 0 5 8 0 5 5 10 0 0 6
0 10 4 0 6 3 0 0 1 2 10 0 0 0 0 5 1 4
10 7 8 6 0 9 0 1 9 4 1 10 10 2 0 0 10 0
5 0 2 3 9 0 5 0 0 8 0 10 0 0 9 6 2 1
0 6 8 0 0 5 0 10 0 0 8 5 10 10 0 0 2 0
0 5 0 0 1 0 10 0 10 7 0 6 10 5 0 7 9 0
0 6 0 1 9 0 0 10 0 10 10 0 4 3 10 8 10 2
0 0 5 2 4 8 0 7 10 0 0 9 3 4 7 0 0 5
8 0 8 10 1 0 8 0 10 0 0 0 7 6 10 7 0 10
0 3 0 0 10 10 5 6 0 9 0 0 8 10 0 8 10 7
0 1 5 0 10 0 10 10 4 3 7 8 0 0 10 9 0 0
0 0 5 0 2 0 10 5 3 4 6 10 0 0 0 7 5 3
2 0 10 0 0 9 0 0 10 7 10 0 10 0 0 9 9 0
0 7 0 5 0 6 0 7 8 0 7 8 9 7 9 0 3 1
10 0 0 1 10 2 2 9 10 0 0 10 0 5 9 3 0 5
7 0 6 4 0 1 0 0 2 5 10 7 0 3 0 1 5 0
